%YAML:1.0
---
ArmTipToCameraTransform: !!opencv-matrix
   rows: 4
   cols: 4
   dt: d
   data: [ 7.5529983004638535e-03, -9.9996832126205082e-01,
       -2.5117103792089328e-03, 8.9846586440739298e-02,
       9.9997110514325527e-01, 7.5551340521023969e-03,
       -8.4191925478426693e-04, 2.1721278414409753e-03,
       8.6086889245980103e-04, -2.5052787889968280e-03,
       9.9999649123531398e-01, 4.8907721446131494e-02, 0., 0., 0., 1. ]
